[header]
width=25
height=12
tilewidth=32
tileheight=32

[tilesets]
tileset=tileset.png,32,32,0,0

[layer]
type=floor
data=
0,0,0,0,0,0,0,0,0,0,0,0,0,8,8,8,9,0,0,0,0,0,0,0,0,
0,0,8,8,8,8,8,8,9,0,8,8,8,15,15,8,8,8,8,8,9,0,0,0,0,
0,0,15,15,15,15,15,8,9,8,15,15,8,15,23,15,15,15,15,8,9,0,0,0,0,
0,0,8,9,9,23,23,8,9,15,15,23,15,15,23,15,23,23,23,8,9,0,0,0,0,
0,8,9,15,9,23,8,9,9,15,23,23,15,15,23,9,9,9,8,8,9,0,0,0,0,
8,9,9,23,23,8,9,9,23,8,23,23,23,23,23,15,15,23,9,8,9,9,0,0,0,
8,8,8,8,9,9,9,23,23,15,15,8,9,23,9,23,23,23,9,15,23,0,0,0,0,
8,15,15,8,8,9,23,23,23,9,23,8,8,15,8,9,9,9,9,9,9,9,0,0,0,
8,15,23,15,8,8,8,8,9,9,9,9,9,9,9,9,9,9,8,9,9,0,8,8,0,
15,23,23,0,15,15,15,15,23,15,15,15,15,15,15,15,15,23,23,15,23,23,8,8,0,
0,23,0,0,0,23,23,23,23,23,23,23,23,23,23,23,23,23,23,23,23,0,8,8,0,
0,0,0,0,0,0,0,0,0,0,0,0,0,0,23,0,0,0,0,0,0,0,0,0,0

[layer]
type=wall
data=
0,7,7,7,7,7,7,7,7,7,7,7,7,7,7,7,7,7,7,7,7,7,0,0,0,
0,7,0,0,0,0,0,0,0,7,0,0,0,0,0,7,0,0,0,0,0,7,0,0,0,
0,7,0,7,0,0,0,0,0,7,0,0,0,0,0,0,0,0,0,0,0,7,0,0,0,
7,7,0,7,0,0,0,0,0,7,0,0,0,0,0,7,0,0,0,0,0,7,0,0,0,
7,0,0,7,0,0,0,0,0,7,0,0,0,0,0,7,0,0,0,0,0,7,0,0,0,
7,0,7,7,0,0,0,0,0,7,0,0,0,0,0,7,0,0,0,0,0,7,0,0,0,
7,0,0,7,0,0,0,0,0,7,0,0,0,0,0,7,0,0,0,0,0,7,0,0,0,
7,7,0,7,0,0,0,0,0,7,0,0,0,0,0,7,0,0,0,0,0,7,7,7,7,
7,0,0,7,0,0,0,0,0,7,0,0,0,0,0,7,0,0,0,0,0,7,0,0,7,
7,0,7,7,7,0,0,0,0,0,0,0,0,0,0,7,0,0,0,0,0,0,0,0,7,
7,0,7,0,7,0,0,0,0,7,0,0,0,0,0,7,0,0,0,0,0,7,0,0,7,
7,7,7,0,7,7,7,7,7,7,7,7,7,7,7,7,7,7,7,7,7,7,7,7,7

[x]
type=Abyss
location=4.125,2.312,1.562,1.375

[x]
type=Abyss
location=7.21875,2.25,1.5625,1.375

[x]
type=Abyss
location=4.34375,5.3125,3.28125,1.375

[x]
type=Abyss
location=5.71875,8.3125,1.5625,1.375

[x]
type=Abyss
location=10.5938,7.28125,2.875,1.4375

[x]
type=Abyss
location=13.1562,4.21875,1.5625,1.375

[x]
type=Abyss
location=10.1562,4.21875,1.5625,1.375

[x]
type=Abyss
location=11.5938,1.28125,1.5625,1.375

[x]
type=Abyss
location=17.5625,1.59375,1.84375,4.78125

[x]
type=Abyss
location=16.4688,8.53125,3.15625,2.21875

[x]
type=PlayerExit
location=23.25,9.25,0.531,0.438

[x]
type=PlayerSpawn
location=1.406,10.219,0.406,0.562

