[header]
width=12
height=12
tilewidth=32
tileheight=32

[tilesets]
tileset=tileset.png,32,32,0,0

[layer]
type=floor
data=
0,0,0,0,23,23,8,8,8,8,8,0,
0,0,0,0,8,8,8,15,8,8,8,0,
0,0,0,0,9,15,23,23,23,8,8,0,
0,0,0,0,8,8,23,9,23,8,8,0,
0,0,0,0,8,8,8,23,23,8,8,8,
0,0,0,0,15,8,8,8,9,15,8,8,
8,8,8,9,9,9,8,8,9,8,8,15,
8,8,8,9,8,8,8,8,8,8,8,8,
8,8,15,9,8,8,8,8,8,8,8,8,
0,0,0,8,8,8,8,8,8,15,8,8,
0,0,0,8,8,15,8,8,8,8,8,8,
0,0,0,8,8,8,8,8,8,8,8,8

[layer]
type=wall
data=
0,0,0,0,5,5,5,5,5,5,5,0,
0,0,0,0,5,0,0,0,0,0,5,0,
0,0,0,0,5,0,5,0,5,0,5,0,
0,0,0,0,5,0,0,0,5,0,5,0,
0,0,0,0,5,0,5,5,5,0,5,5,
0,0,0,0,5,0,5,5,0,0,0,5,
5,5,5,5,5,5,5,5,0,0,0,5,
0,0,0,0,0,0,0,5,0,0,0,5,
5,5,5,5,0,5,0,0,0,5,0,5,
0,0,0,5,0,5,5,5,5,5,0,5,
0,0,0,5,0,0,0,0,0,0,0,5,
0,0,0,5,5,5,5,5,5,5,5,5

[x]
type=abyss
location=5.125,1.125,0.6875,1.75

[x]
type=abyss
location=9.15625,6.25,0.65625,1.5625

[x]
type=playerSpawn
location=5.09375,5.09375,0.8125,0.8125

[x]
type=playerExit
location=0.094,7.094,0.812,0.812
orientation=East

